5.000000 -800.000000 800.000000 50.000000 50.000000 0.000000 -0.000000
3.000000 800.000000 -800.000000 -50.000000 0.000000 -0.000000 0.000000
0.150000 -700.000000 700.000000 100.000000 0.000000 0.000000 -0.000000
0.050000 -690.000000 700.000000 150.000000 0.000000 0.000000 -0.000000

5.000000 -750.000000 850.000000 50.000000 50.000000 0.000000 -0.000000
3.000000 750.000000 -800.000000 -50.000000 0.000000 -0.000000 0.000000
0.150000 -600.000000 700.000000 100.000000 -0.000000 0.000000 -0.000000
0.050000 -540.000000 700.000000 150.000000 -0.000000 0.000000 -0.000000

5.000000 -700.000000 900.000000 50.000000 50.000000 0.000000 -0.000000
3.000000 700.000000 -800.000000 -50.000000 0.000000 -0.000000 0.000000
0.150000 -500.000000 700.000000 100.000000 -0.000000 0.000000 -0.000000
0.050000 -390.000000 700.000000 150.000000 -0.000000 0.000000 -0.000000

5.000000 -650.000000 950.000000 50.000000 50.000000 0.000000 -0.000000
3.000000 650.000000 -800.000000 -50.000000 0.000000 -0.000000 0.000000
0.150000 -400.000000 700.000000 100.000000 -0.000000 0.000000 -0.000000
0.050000 -240.000000 700.000000 150.000000 -0.000000 0.000000 -0.000000

5.000000 -600.000000 1000.000000 50.000000 50.000000 0.000000 -0.000000
3.000000 600.000000 -800.000000 -50.000000 0.000000 -0.000000 0.000000
0.150000 -300.000000 700.000000 100.000000 -0.000000 0.000000 -0.000000
0.050000 -90.000000 700.000000 150.000000 -0.000000 0.000000 -0.000000

5.000000 -550.000000 1050.000000 50.000000 50.000000 0.000000 -0.000000
3.000000 550.000000 -800.000000 -50.000000 0.000000 -0.000000 0.000000
0.150000 -200.000000 700.000000 100.000000 -0.000000 0.000000 -0.000000
0.050000 60.000000 700.000000 150.000000 -0.000000 -0.000000 -0.000000

5.000000 -500.000000 1100.000000 50.000000 50.000000 0.000000 -0.000000
3.000000 500.000000 -800.000000 -50.000000 0.000000 -0.000000 0.000000
0.150000 -100.000000 700.000000 100.000000 -0.000000 0.000000 -0.000000
0.050000 210.000000 700.000000 150.000000 -0.000000 -0.000000 -0.000000

5.000000 -450.000000 1150.000000 50.000000 50.000000 0.000000 -0.000000
3.000000 450.000000 -800.000000 -50.000000 0.000000 -0.000000 0.000000
0.150000 0.000000 700.000000 100.000000 -0.000000 -0.000000 -0.000000
0.050000 360.000000 700.000000 150.000000 -0.000000 -0.000000 -0.000000

5.000000 -400.000000 1200.000000 50.000000 50.000000 0.000000 -0.000000
3.000000 400.000000 -800.000000 -50.000000 0.000000 -0.000000 0.000000
0.150000 100.000000 700.000000 100.000000 -0.000000 -0.000000 -0.000000
0.050000 510.000000 700.000000 150.000000 -0.000000 -0.000000 -0.000000

5.000000 -350.000000 1250.000000 50.000000 50.000000 0.000000 -0.000000
3.000000 350.000000 -800.000000 -50.000000 0.000000 -0.000000 0.000000
0.150000 200.000000 700.000000 100.000000 -0.000000 -0.000000 -0.000000
0.050000 660.000000 700.000000 150.000000 -0.000000 -0.000000 -0.000000

